0.945078 564113 0.088
0.945078 564111 0.0881
0.945078 564109 0.0882
0.945078 564107 0.0885
0.945078 564106 0.0887
0.945078 564104 0.0888
0.945078 564101 0.0889
0.945078 564100 0.089
0.945078 564097 0.0891
0.945078 564090 0.0892
0.945078 564087 0.0893
0.945078 564082 0.0895
0.945078 564079 0.0896
0.945078 564072 0.0897
0.945078 564066 0.0898
0.945078 564064 0.0899
0.945078 564060 0.09
0.945078 564058 0.0901
0.945078 564056 0.0902
0.945078 564055 0.0903
0.945078 564051 0.0904
0.945078 564046 0.0905
0.945078 564040 0.0906
0.945078 564037 0.0907
0.945078 564032 0.0908
0.945078 564029 0.0909
0.945078 564025 0.091
0.945078 564022 0.0911
0.945078 564017 0.0912
0.945078 564012 0.0913
0.945078 564008 0.0914
0.945078 564005 0.0915
0.945078 563999 0.0916
0.945078 563998 0.0917
0.945078 563995 0.0918
0.945078 563989 0.0919
0.945078 563983 0.092
0.945078 563979 0.0921
0.945078 563977 0.0922
0.945078 563975 0.0923
0.945078 563969 0.0924
0.945078 563963 0.0925
0.945078 563957 0.0926
0.945078 563944 0.0927
0.945078 563935 0.0928
0.945078 563923 0.0929
0.945078 563909 0.093
0.945078 563893 0.0931
0.945078 563878 0.0932
0.945078 563862 0.0933
0.945078 563843 0.0934
0.945078 563816 0.0935
0.945078 563798 0.0936
0.945078 563775 0.0937
0.945078 563736 0.0938
0.945078 563698 0.0939
0.945078 563673 0.094
0.945078 563652 0.0941
0.945078 563630 0.0942
0.945078 563605 0.0943
0.945078 563569 0.0944
0.945078 563532 0.0945
0.945078 563504 0.0946
0.945078 563462 0.0947
0.945078 563431 0.0948
0.945078 563397 0.0949
0.945078 563352 0.095
0.945078 563311 0.0951
0.945078 563262 0.0952
0.945078 563213 0.0953
0.945078 563183 0.0954
0.945078 563126 0.0955
0.945078 563089 0.0956
0.945078 563038 0.0957
0.945078 562991 0.0958
0.945078 562947 0.0959
0.945078 562891 0.096
0.945078 562832 0.0961
0.945078 562761 0.0962
0.945078 562705 0.0963
0.945078 562648 0.0964
0.945078 562577 0.0965
0.945078 562520 0.0966
0.945078 562468 0.0967
0.945078 562398 0.0968
0.945078 562334 0.0969
0.945078 562267 0.097
0.945078 562193 0.0971
0.945078 562123 0.0972
0.945078 562032 0.0973
0.945078 561936 0.0974
0.945078 561858 0.0975
0.945078 561776 0.0976
0.945078 561686 0.0977
0.945078 561582 0.0978
0.945078 561479 0.0979
0.945078 561373 0.098
0.945078 561254 0.0981
0.945078 561153 0.0982
0.945078 561054 0.0983
0.945078 560938 0.0984
0.945078 560830 0.0985
0.945078 560702 0.0986
0.945078 560593 0.0987
0.945078 560461 0.0988
0.945078 560340 0.0989
0.945078 560202 0.099
0.945078 560076 0.0991
0.945078 559914 0.0992
0.945078 559780 0.0993
0.945078 559646 0.0994
0.945078 559479 0.0995
0.945078 559309 0.0996
0.945078 559160 0.0997
0.945078 559013 0.0998
0.945078 558829 0.0999
0.945078 558625 0.1
0.945078 558419 0.1001
0.945078 558202 0.1002
0.945078 557993 0.1003
0.945078 557785 0.1004
0.945078 557581 0.1005
0.945078 557357 0.1006
0.945078 557138 0.1007
0.945078 556904 0.1008
0.945078 556640 0.1009
0.945078 556390 0.101
0.945078 556183 0.1011
0.945078 555958 0.1012
0.945078 555706 0.1013
0.945078 555426 0.1014
0.945078 555156 0.1015
0.945078 554876 0.1016
0.945078 554605 0.1017
0.945078 554350 0.1018
0.945078 554079 0.1019
0.945078 553748 0.102
0.945078 553448 0.1021
0.945078 553185 0.1022
0.945078 552869 0.1023
0.945078 552559 0.1024
0.945078 552249 0.1025
0.945078 551948 0.1026
0.945078 551654 0.1027
0.945078 551266 0.1028
0.945078 550908 0.1029
0.945078 550537 0.103
0.945078 550166 0.1031
0.945078 549791 0.1032
0.945078 549394 0.1033
0.945078 548993 0.1034
0.945078 548564 0.1035
0.945078 548150 0.1036
0.945078 547706 0.1037
0.945078 547295 0.1038
0.945078 546882 0.1039
0.945078 546451 0.104
0.945078 545995 0.1041
0.945078 545542 0.1042
0.945078 545106 0.1043
0.945078 544609 0.1044
0.945078 544107 0.1045
0.945078 543615 0.1046
0.945078 543083 0.1047
0.945078 542494 0.1048
0.945078 541923 0.1049
0.945078 541323 0.105
0.945078 540762 0.1051
0.945078 540212 0.1052
0.945078 539654 0.1053
0.945078 539085 0.1054
0.945078 538495 0.1055
0.945078 537887 0.1056
0.945078 537368 0.1057
0.945078 536746 0.1058
0.944885 536139 0.1059
0.944885 535561 0.106
0.944885 534930 0.1061
0.944885 534258 0.1062
0.944885 533617 0.1063
0.944885 532990 0.1064
0.944885 532349 0.1065
0.944885 531711 0.1066
0.944885 531035 0.1067
0.944885 530315 0.1068
0.944885 529625 0.1069
0.944885 528908 0.107
0.944885 528181 0.1071
0.944885 527404 0.1072
0.944885 526684 0.1073
0.944885 525891 0.1074
0.944885 525056 0.1075
0.944885 524222 0.1076
0.944885 523384 0.1077
0.944885 522570 0.1078
0.944885 521722 0.1079
0.944885 520905 0.108
0.944885 520084 0.1081
0.944885 519278 0.1082
0.944885 518384 0.1083
0.944885 517499 0.1084
0.944885 516634 0.1085
0.944885 515747 0.1086
0.944885 514817 0.1087
0.944885 513839 0.1088
0.944885 512908 0.1089
0.944885 512005 0.109
0.944885 511028 0.1091
0.944885 510044 0.1092
0.944885 509145 0.1093
0.944885 508177 0.1094
0.944885 507149 0.1095
0.944885 506156 0.1096
0.944885 505132 0.1097
0.944885 504086 0.1098
0.944885 503015 0.1099
0.944885 501988 0.11
0.944885 500955 0.1101
0.944885 499950 0.1102
0.944885 498804 0.1103
0.944885 497724 0.1104
0.944885 496713 0.1105
0.944885 495617 0.1106
0.944885 494582 0.1107
0.944885 493487 0.1108
0.944885 492419 0.1109
0.944885 491342 0.111
0.944885 490189 0.1111
0.944885 489042 0.1112
0.944885 487891 0.1113
0.944885 486758 0.1114
0.944885 485616 0.1115
0.944885 484496 0.1116
0.944885 483331 0.1117
0.944885 482112 0.1118
0.944885 480904 0.1119
0.944692 479703 0.112
0.944692 478410 0.1121
0.944692 477197 0.1122
0.944692 475976 0.1123
0.944692 474752 0.1124
0.944692 473474 0.1125
0.944692 472218 0.1126
0.944692 471017 0.1127
0.944692 469824 0.1128
0.944692 468592 0.1129
0.944692 467327 0.113
0.944692 466021 0.1131
0.944692 464723 0.1132
0.944692 463432 0.1133
0.944692 462119 0.1134
0.944692 460738 0.1135
0.944692 459401 0.1136
0.944692 457986 0.1137
0.944692 456548 0.1138
0.944692 455111 0.1139
0.944692 453671 0.114
0.944692 452211 0.1141
0.944692 450786 0.1142
0.944692 449258 0.1143
0.944692 447790 0.1144
0.944692 446301 0.1145
0.944692 444753 0.1146
0.944692 443236 0.1147
0.944692 441618 0.1148
0.944692 440066 0.1149
0.944692 438530 0.115
0.944692 436951 0.1151
0.944692 435374 0.1152
0.944692 433770 0.1153
0.944692 432103 0.1154
0.944692 430413 0.1155
0.944692 428726 0.1156
0.944692 427069 0.1157
0.944692 425410 0.1158
0.944692 423764 0.1159
0.944692 422062 0.116
0.944692 420397 0.1161
0.944498 418740 0.1162
0.944498 417005 0.1163
0.944498 415201 0.1164
0.944498 413576 0.1165
0.944498 411864 0.1166
0.944498 410140 0.1167
0.944498 408308 0.1168
0.944498 406525 0.1169
0.944498 404838 0.117
0.944498 403121 0.1171
0.944498 401326 0.1172
0.944498 399533 0.1173
0.944498 397741 0.1174
0.944498 395984 0.1175
0.944498 394142 0.1176
0.944498 392331 0.1177
0.944498 390503 0.1178
0.944498 388652 0.1179
0.944498 386737 0.118
0.944498 384856 0.1181
0.944498 382971 0.1182
0.944498 381075 0.1183
0.944498 379131 0.1184
0.944498 377100 0.1185
0.944498 375191 0.1186
0.944498 373265 0.1187
0.944498 371361 0.1188
0.944498 369414 0.1189
0.944498 367487 0.119
0.944498 365525 0.1191
0.944498 363614 0.1192
0.944498 361719 0.1193
0.944498 359654 0.1194
0.944498 357647 0.1195
0.944498 355753 0.1196
0.944498 353842 0.1197
0.944498 351933 0.1198
0.944498 350043 0.1199
0.944498 348147 0.12
0.944498 346233 0.1201
0.944498 344264 0.1202
0.944498 342331 0.1203
0.944498 340303 0.1204
0.944498 338285 0.1205
0.944498 336255 0.1206
0.944498 334320 0.1207
0.944498 332294 0.1208
0.944498 330346 0.1209
0.944498 328359 0.121
0.944498 326371 0.1211
0.944498 324298 0.1212
0.944498 322215 0.1213
0.944498 320164 0.1214
0.944498 318091 0.1215
0.944498 316045 0.1216
0.944498 313993 0.1217
0.944498 311947 0.1218
0.944498 309938 0.1219
0.944498 307971 0.122
0.944498 305934 0.1221
0.944498 303891 0.1222
0.944498 301849 0.1223
0.944498 299832 0.1224
0.944498 297773 0.1225
0.944498 295662 0.1226
0.944305 293674 0.1227
0.944305 291592 0.1228
0.944305 289514 0.1229
0.944305 287407 0.123
0.944305 285379 0.1231
0.944305 283337 0.1232
0.944305 281308 0.1233
0.944305 279259 0.1234
0.944305 277240 0.1235
0.944305 275241 0.1236
0.944305 273232 0.1237
0.944305 271266 0.1238
0.944305 269243 0.1239
0.944305 267182 0.124
0.944305 265116 0.1241
0.944305 263006 0.1242
0.944305 260992 0.1243
0.944305 258958 0.1244
0.944305 256940 0.1245
0.944305 254866 0.1246
0.944305 252813 0.1247
0.944305 250851 0.1248
0.944305 248828 0.1249
0.944305 246952 0.125
0.944305 244970 0.1251
0.944305 242988 0.1252
0.944305 240923 0.1253
0.944305 238989 0.1254
0.944305 237030 0.1255
0.944305 235039 0.1256
0.944111 233096 0.1257
0.944111 231212 0.1258
0.944111 229228 0.1259
0.944111 227303 0.126
0.944111 225363 0.1261
0.944111 223497 0.1262
0.944111 221536 0.1263
0.944111 219680 0.1264
0.944111 217734 0.1265
0.944111 215876 0.1266
0.944111 214066 0.1267
0.944111 212216 0.1268
0.944111 210369 0.1269
0.944111 208609 0.127
0.944111 206806 0.1271
0.944111 204985 0.1272
0.944111 203192 0.1273
0.944111 201436 0.1274
0.944111 199608 0.1275
0.943918 197887 0.1276
0.943531 196175 0.1277
0.943531 194496 0.1278
0.943531 192781 0.1279
0.943531 191012 0.128
0.943531 189276 0.1281
0.943531 187454 0.1282
0.943531 185734 0.1283
0.943531 184072 0.1284
0.943531 182489 0.1285
0.943531 180813 0.1286
0.943531 179129 0.1287
0.943531 177488 0.1288
0.943531 175909 0.1289
0.943531 174306 0.129
0.943531 172684 0.1291
0.943531 171026 0.1292
0.943338 169442 0.1293
0.943338 167910 0.1294
0.943338 166304 0.1295
0.943338 164735 0.1296
0.943338 163180 0.1297
0.943338 161648 0.1298
0.943338 160126 0.1299
0.943338 158643 0.13
0.943338 157114 0.1301
0.943338 155556 0.1302
0.943338 154131 0.1303
0.943338 152671 0.1304
0.943338 151298 0.1305
0.943338 149841 0.1306
0.943338 148404 0.1307
0.943144 146940 0.1308
0.943144 145494 0.1309
0.943144 144085 0.131
0.943144 142636 0.1311
0.943144 141286 0.1312
0.943144 139948 0.1313
0.943144 138577 0.1314
0.943144 137231 0.1315
0.943144 135890 0.1316
0.943144 134546 0.1317
0.943144 133216 0.1318
0.943144 131963 0.1319
0.943144 130681 0.132
0.943144 129422 0.1321
0.942951 128211 0.1322
0.942951 126988 0.1323
0.942758 125754 0.1324
0.942758 124587 0.1325
0.942758 123321 0.1326
0.942758 122168 0.1327
0.942371 120989 0.1328
0.942371 119809 0.1329
0.942371 118598 0.133
0.942371 117400 0.1331
0.942371 116291 0.1332
0.942371 115147 0.1333
0.942371 114017 0.1334
0.942178 112889 0.1335
0.942178 111843 0.1336
0.942178 110724 0.1337
0.942178 109643 0.1338
0.942178 108549 0.1339
0.942178 107449 0.134
0.942178 106350 0.1341
0.941984 105252 0.1342
0.941984 104220 0.1343
0.941984 103177 0.1344
0.941791 102248 0.1345
0.941791 101277 0.1346
0.941791 100242 0.1347
0.941791 99249 0.1348
0.941791 98272 0.1349
0.941791 97331 0.135
0.941791 96385 0.1351
0.941791 95421 0.1352
0.941597 94493 0.1353
0.941017 93577 0.1354
0.940824 92613 0.1355
0.940824 91659 0.1356
0.940824 90741 0.1357
0.940824 89867 0.1358
0.940437 88971 0.1359
0.940437 88076 0.136
0.940437 87179 0.1361
0.940437 86326 0.1362
0.940437 85535 0.1363
0.940437 84722 0.1364
0.940244 83866 0.1365
0.940244 83083 0.1366
0.94005 82282 0.1367
0.94005 81473 0.1368
0.94005 80695 0.1369
0.94005 79891 0.137
0.94005 79077 0.1371
0.94005 78319 0.1372
0.939857 77531 0.1373
0.939857 76785 0.1374
0.939857 75970 0.1375
0.939664 75165 0.1376
0.939664 74371 0.1377
0.939664 73591 0.1378
0.93947 72825 0.1379
0.93947 72069 0.138
0.93947 71330 0.1381
0.93889 70629 0.1382
0.93889 69893 0.1383
0.93889 69201 0.1384
0.938503 68469 0.1385
0.938503 67783 0.1386
0.938116 67118 0.1387
0.938116 66461 0.1388
0.938116 65768 0.1389
0.938116 65088 0.139
0.938116 64448 0.1391
0.938116 63787 0.1392
0.938116 63120 0.1393
0.938116 62481 0.1394
0.937923 61847 0.1395
0.937923 61226 0.1396
0.937923 60639 0.1397
0.93773 59992 0.1398
0.93773 59391 0.1399
0.93773 58789 0.14
0.93773 58193 0.1401
0.937536 57613 0.1402
0.937536 57030 0.1403
0.937536 56478 0.1404
0.937536 55926 0.1405
0.937536 55326 0.1406
0.937536 54740 0.1407
0.937343 54161 0.1408
0.937343 53629 0.1409
0.937343 53121 0.141
0.937149 52590 0.1411
0.936956 52101 0.1412
0.936763 51570 0.1413
0.936569 51091 0.1414
0.936569 50559 0.1415
0.936376 50046 0.1416
0.936376 49551 0.1417
0.936376 49047 0.1418
0.936376 48510 0.1419
0.936376 48046 0.142
0.936376 47560 0.1421
0.936376 47093 0.1422
0.936376 46584 0.1423
0.936376 46089 0.1424
0.936376 45682 0.1425
0.936376 45238 0.1426
0.936376 44803 0.1427
0.936376 44359 0.1428
0.936376 43898 0.1429
0.936376 43451 0.143
0.936376 43019 0.1431
0.936376 42613 0.1432
0.936376 42197 0.1433
0.936376 41755 0.1434
0.936376 41355 0.1435
0.936376 40943 0.1436
0.936376 40525 0.1437
0.936376 40091 0.1438
0.936376 39743 0.1439
0.936376 39370 0.144
0.936376 38960 0.1441
0.936376 38559 0.1442
0.936376 38164 0.1443
0.936376 37804 0.1444
0.936376 37411 0.1445
0.936376 37052 0.1446
0.936376 36691 0.1447
0.936376 36331 0.1448
0.936183 36001 0.1449
0.936183 35644 0.145
0.936183 35312 0.1451
0.936183 34990 0.1452
0.936183 34655 0.1453
0.936183 34346 0.1454
0.936183 34021 0.1455
0.936183 33695 0.1456
0.935989 33400 0.1457
0.935796 33084 0.1458
0.935796 32756 0.1459
0.935796 32456 0.146
0.935796 32172 0.1461
0.935796 31916 0.1462
0.935796 31607 0.1463
0.935602 31322 0.1464
0.935602 31030 0.1465
0.935602 30753 0.1466
0.935602 30464 0.1467
0.935602 30211 0.1468
0.935602 29935 0.1469
0.935602 29649 0.147
0.935602 29384 0.1471
0.935602 29083 0.1472
0.935602 28826 0.1473
0.935602 28560 0.1474
0.935602 28255 0.1475
0.935602 28013 0.1476
0.935602 27784 0.1477
0.935409 27529 0.1478
0.935409 27275 0.1479
0.935409 27015 0.148
0.935216 26759 0.1481
0.935216 26543 0.1482
0.935022 26315 0.1483
0.935022 26102 0.1484
0.935022 25842 0.1485
0.934635 25635 0.1486
0.934249 25379 0.1487
0.934249 25100 0.1488
0.934249 24893 0.1489
0.933862 24652 0.149
0.933862 24434 0.1491
0.933862 24219 0.1492
0.933862 24001 0.1493
0.933862 23781 0.1494
0.933862 23564 0.1495
0.933862 23345 0.1496
0.933862 23159 0.1497
0.933669 22980 0.1498
0.933475 22764 0.1499
0.933282 22584 0.15
0.933088 22362 0.1501
0.932895 22175 0.1502
0.932702 21991 0.1503
0.932702 21806 0.1504
0.932702 21604 0.1505
0.932702 21407 0.1506
0.932702 21215 0.1507
0.932702 21029 0.1508
0.932702 20833 0.1509
0.932315 20661 0.151
0.932121 20471 0.1511
0.931928 20307 0.1512
0.931928 20148 0.1513
0.931928 19989 0.1514
0.931735 19831 0.1515
0.931541 19663 0.1516
0.931541 19477 0.1517
0.931155 19302 0.1518
0.931155 19145 0.1519
0.930961 18985 0.152
0.930961 18836 0.1521
0.930768 18656 0.1522
0.930768 18503 0.1523
0.930574 18354 0.1524
0.930574 18202 0.1525
0.930381 18055 0.1526
0.930188 17895 0.1527
0.930188 17769 0.1528
0.930188 17616 0.1529
0.930188 17445 0.153
0.929994 17287 0.1531
0.929801 17134 0.1532
0.929607 16987 0.1533
0.929607 16852 0.1534
0.929607 16705 0.1535
0.929607 16552 0.1536
0.929607 16410 0.1537
0.929414 16282 0.1538
0.929414 16119 0.1539
0.929414 16005 0.154
0.929414 15863 0.1541
0.929414 15727 0.1542
0.929414 15605 0.1543
0.929414 15480 0.1544
0.929414 15354 0.1545
0.929414 15220 0.1546
0.929221 15106 0.1547
0.929221 14992 0.1548
0.929027 14858 0.1549
0.929027 14743 0.155
0.929027 14614 0.1551
0.929027 14498 0.1552
0.929027 14369 0.1553
0.92864 14245 0.1554
0.92864 14123 0.1555
0.92864 14026 0.1556
0.928447 13931 0.1557
0.928447 13818 0.1558
0.928447 13710 0.1559
0.928254 13604 0.156
0.928254 13490 0.1561
0.928254 13387 0.1562
0.928254 13291 0.1563
0.928254 13180 0.1564
0.928254 13088 0.1565
0.92806 12995 0.1566
0.927867 12904 0.1567
0.92748 12802 0.1568
0.92748 12699 0.1569
0.92748 12619 0.157
0.927287 12504 0.1571
0.927287 12426 0.1572
0.927093 12321 0.1573
0.9269 12226 0.1574
0.9269 12129 0.1575
0.9269 12041 0.1576
0.9269 11957 0.1577
0.9269 11859 0.1578
0.926513 11766 0.1579
0.926513 11670 0.158
0.926513 11576 0.1581
0.926513 11486 0.1582
0.926513 11401 0.1583
0.926126 11324 0.1584
0.926126 11243 0.1585
0.926126 11138 0.1586
0.926126 11062 0.1587
0.926126 10968 0.1588
0.925933 10882 0.1589
0.925933 10797 0.159
0.925933 10708 0.1591
0.925933 10629 0.1592
0.925933 10539 0.1593
0.925933 10476 0.1594
0.925933 10397 0.1595
0.92574 10312 0.1596
0.92574 10244 0.1597
0.92574 10175 0.1598
0.92574 10096 0.1599
0.92574 10029 0.16
0.92574 9956 0.1601
0.92574 9889 0.1602
0.925546 9812 0.1603
0.925546 9751 0.1604
0.925353 9682 0.1605
0.925353 9621 0.1606
0.92516 9568 0.1607
0.92516 9494 0.1608
0.92516 9435 0.1609
0.92516 9364 0.161
0.924966 9300 0.1611
0.924966 9229 0.1612
0.924773 9166 0.1613
0.924579 9095 0.1614
0.924579 9038 0.1615
0.924579 8987 0.1616
0.924579 8928 0.1617
0.924579 8873 0.1618
0.924579 8814 0.1619
0.924193 8779 0.162
0.924193 8723 0.1621
0.924193 8661 0.1622
0.924193 8612 0.1623
0.924193 8550 0.1624
0.923999 8491 0.1625
0.923806 8435 0.1626
0.923612 8375 0.1627
0.923612 8331 0.1628
0.923612 8281 0.1629
0.923612 8205 0.163
0.923612 8146 0.1631
0.923419 8099 0.1632
0.923419 8040 0.1633
0.923226 7989 0.1634
0.922839 7941 0.1635
0.922839 7886 0.1636
0.922839 7833 0.1637
0.922839 7769 0.1638
0.922839 7720 0.1639
0.922839 7671 0.164
0.922839 7613 0.1641
0.922839 7556 0.1642
0.922839 7507 0.1643
0.922452 7462 0.1644
0.922452 7408 0.1645
0.922452 7358 0.1646
0.922452 7317 0.1647
0.922452 7270 0.1648
0.922452 7219 0.1649
0.922452 7174 0.165
0.922259 7118 0.1651
0.922259 7080 0.1652
0.922259 7032 0.1653
0.922259 6995 0.1654
0.922065 6958 0.1655
0.922065 6919 0.1656
0.922065 6882 0.1657
0.921679 6840 0.1658
0.921679 6804 0.1659
0.921679 6773 0.166
0.921679 6733 0.1661
0.921679 6700 0.1662
0.921679 6654 0.1663
0.921098 6607 0.1664
0.921098 6580 0.1665
0.921098 6543 0.1666
0.921098 6499 0.1667
0.920905 6453 0.1668
0.920712 6427 0.1669
0.920712 6392 0.167
0.920518 6364 0.1671
0.920518 6322 0.1672
0.920518 6301 0.1673
0.920325 6248 0.1674
0.920132 6197 0.1675
0.920132 6147 0.1676
0.920132 6107 0.1677
0.920132 6073 0.1678
0.920132 6029 0.1679
0.920132 5996 0.168
0.919938 5956 0.1681
0.919551 5911 0.1682
0.919358 5879 0.1683
0.919165 5842 0.1684
0.919165 5801 0.1685
0.919165 5757 0.1686
0.919165 5718 0.1687
0.919165 5686 0.1688
0.919165 5645 0.1689
0.919165 5610 0.169
0.919165 5577 0.1691
0.918971 5543 0.1692
0.918971 5514 0.1693
0.918971 5477 0.1694
0.918971 5442 0.1695
0.918971 5397 0.1696
0.918971 5359 0.1697
0.918971 5322 0.1698
0.918971 5300 0.1699
0.918971 5264 0.17
0.918584 5234 0.1701
0.918198 5192 0.1702
0.918004 5166 0.1703
0.918004 5137 0.1704
0.917811 5102 0.1705
0.917811 5073 0.1706
0.917811 5040 0.1707
0.917811 5015 0.1708
0.917811 4990 0.1709
0.917617 4950 0.171
0.917617 4924 0.1711
0.917617 4894 0.1712
0.917617 4868 0.1713
0.917617 4834 0.1714
0.917617 4802 0.1715
0.917231 4761 0.1716
0.917037 4733 0.1717
0.917037 4692 0.1718
0.917037 4667 0.1719
0.916844 4637 0.172
0.916844 4611 0.1721
0.916651 4579 0.1722
0.916651 4557 0.1723
0.916651 4526 0.1724
0.916457 4503 0.1725
0.916457 4474 0.1726
0.916457 4445 0.1727
0.916457 4415 0.1728
0.916457 4393 0.1729
0.916457 4363 0.173
0.916457 4341 0.1731
0.916457 4316 0.1732
0.916457 4299 0.1733
0.916264 4264 0.1734
0.916264 4240 0.1735
0.915877 4218 0.1736
0.915877 4196 0.1737
0.915877 4170 0.1738
0.915877 4150 0.1739
0.915877 4125 0.174
0.915877 4108 0.1741
0.915877 4080 0.1742
0.915877 4057 0.1743
0.91549 4028 0.1744
0.91549 4008 0.1745
0.91549 3985 0.1746
0.91549 3965 0.1747
0.91549 3942 0.1748
0.91549 3917 0.1749
0.91549 3896 0.175
0.915297 3876 0.1751
0.915297 3861 0.1752
0.915297 3840 0.1753
0.915297 3828 0.1754
0.915297 3815 0.1755
0.915297 3797 0.1756
0.915103 3774 0.1757
0.91491 3750 0.1758
0.91491 3726 0.1759
0.914523 3695 0.176
0.914523 3674 0.1761
0.914523 3657 0.1762
0.91433 3634 0.1763
0.91433 3617 0.1764
0.914137 3596 0.1765
0.914137 3576 0.1766
0.914137 3561 0.1767
0.914137 3545 0.1768
0.914137 3524 0.1769
0.914137 3506 0.177
0.914137 3485 0.1771
0.914137 3461 0.1772
0.914137 3442 0.1773
0.914137 3424 0.1774
0.914137 3402 0.1775
0.913943 3381 0.1776
0.913556 3367 0.1777
0.913556 3350 0.1778
0.913556 3326 0.1779
0.913556 3302 0.178
0.913556 3281 0.1781
0.913556 3266 0.1782
0.913556 3248 0.1783
0.913363 3232 0.1784
0.913363 3213 0.1785
0.913363 3195 0.1786
0.913363 3169 0.1787
0.91317 3147 0.1788
0.91317 3126 0.1789
0.91317 3111 0.179
0.912976 3091 0.1791
0.912783 3075 0.1792
0.912783 3060 0.1793
0.912783 3032 0.1794
0.912783 3015 0.1795
0.912783 3003 0.1796
0.912783 2988 0.1797
0.912783 2978 0.1798
0.912589 2966 0.1799
0.912589 2946 0.18
0.912589 2920 0.1801
0.912589 2906 0.1802
0.912589 2887 0.1803
0.912589 2868 0.1804
0.912396 2850 0.1805
0.912396 2840 0.1806
0.912396 2823 0.1807
0.912396 2803 0.1808
0.912396 2790 0.1809
0.912396 2775 0.181
0.912396 2763 0.1811
0.912396 2743 0.1812
0.912396 2724 0.1813
0.912396 2710 0.1814
0.912396 2700 0.1815
0.912396 2688 0.1816
0.912203 2672 0.1817
0.912203 2661 0.1818
0.912203 2652 0.1819
0.912203 2639 0.182
0.912009 2628 0.1821
0.912009 2617 0.1822
0.912009 2600 0.1823
0.911816 2589 0.1824
0.911816 2574 0.1825
0.911816 2561 0.1826
0.911816 2548 0.1827
0.911816 2533 0.1828
0.911429 2514 0.1829
0.911429 2500 0.183
0.911429 2490 0.1831
0.911429 2478 0.1832
0.911236 2471 0.1833
0.911236 2459 0.1834
0.911042 2445 0.1835
0.911042 2433 0.1836
0.911042 2421 0.1837
0.911042 2406 0.1838
0.911042 2398 0.1839
0.910656 2387 0.184
0.910462 2373 0.1841
0.910462 2362 0.1842
0.910462 2351 0.1843
0.910462 2339 0.1844
0.910462 2327 0.1845
0.910462 2320 0.1846
0.910462 2308 0.1847
0.910462 2293 0.1848
0.910462 2286 0.1849
0.910269 2281 0.185
0.910269 2269 0.1851
0.910269 2261 0.1852
0.910269 2250 0.1853
0.910269 2235 0.1854
0.910075 2226 0.1855
0.910075 2217 0.1856
0.910075 2205 0.1857
0.910075 2194 0.1858
0.909882 2187 0.1859
0.909882 2178 0.186
0.909882 2166 0.1861
0.909882 2156 0.1862
0.909882 2150 0.1863
0.909882 2141 0.1864
0.909882 2131 0.1865
0.909882 2121 0.1866
0.909882 2112 0.1867
0.909882 2102 0.1868
0.909882 2091 0.1869
0.909882 2079 0.187
0.909882 2071 0.1871
0.909689 2062 0.1872
0.909689 2053 0.1873
0.909689 2047 0.1874
0.909689 2044 0.1875
0.909689 2033 0.1876
0.909689 2024 0.1877
0.909689 2016 0.1878
0.909495 2002 0.1879
0.909302 1992 0.188
0.909302 1979 0.1881
0.909302 1970 0.1882
0.909302 1959 0.1883
0.909302 1956 0.1884
0.909302 1948 0.1885
0.909302 1936 0.1886
0.909302 1928 0.1887
0.909302 1922 0.1888
0.909302 1914 0.1889
0.909302 1907 0.189
0.909302 1901 0.1891
0.909302 1895 0.1892
0.909108 1889 0.1893
0.909108 1886 0.1894
0.909108 1882 0.1895
0.909108 1875 0.1896
0.909108 1872 0.1897
0.909108 1867 0.1898
0.909108 1857 0.1899
0.909108 1844 0.19
0.909108 1838 0.1901
0.908915 1831 0.1902
0.908915 1824 0.1903
0.908915 1816 0.1904
0.908915 1809 0.1905
0.908915 1799 0.1906
0.908722 1790 0.1907
0.908722 1785 0.1908
0.908722 1779 0.1909
0.908722 1772 0.191
0.908722 1767 0.1911
0.908528 1757 0.1912
0.908528 1752 0.1913
0.908335 1746 0.1914
0.908335 1740 0.1915
0.908335 1732 0.1916
0.908335 1726 0.1917
0.908335 1718 0.1918
0.908335 1712 0.1919
0.908335 1702 0.192
0.908335 1697 0.1921
0.908142 1690 0.1922
0.908142 1680 0.1923
0.908142 1675 0.1924
0.907948 1668 0.1925
0.907948 1663 0.1926
0.907755 1661 0.1927
0.907755 1654 0.1928
0.907755 1647 0.1929
0.907755 1641 0.193
0.907755 1634 0.1931
0.907561 1629 0.1932
0.907561 1624 0.1933
0.907561 1617 0.1934
0.907561 1609 0.1935
0.907368 1607 0.1936
0.907368 1600 0.1937
0.907368 1594 0.1938
0.907368 1589 0.1939
0.907368 1583 0.194
0.907368 1582 0.1941
0.907368 1573 0.1942
0.907368 1565 0.1943
0.907368 1560 0.1944
0.907368 1553 0.1945
0.907368 1552 0.1946
0.907175 1545 0.1947
0.907175 1540 0.1948
0.907175 1537 0.1949
0.907175 1531 0.195
0.907175 1526 0.1951
0.907175 1523 0.1952
0.906981 1518 0.1953
0.906981 1514 0.1954
0.906981 1502 0.1955
0.906981 1501 0.1956
0.906788 1500 0.1957
0.906788 1499 0.1958
0.906594 1496 0.1959
0.906594 1489 0.196
0.906594 1483 0.1961
0.906594 1481 0.1962
0.906594 1478 0.1963
0.906594 1476 0.1964
0.906594 1472 0.1965
0.906594 1470 0.1966
0.906594 1466 0.1967
0.906594 1458 0.1968
0.906594 1452 0.1969
0.906594 1450 0.197
0.906594 1446 0.1971
0.906594 1443 0.1972
0.906594 1438 0.1973
0.906594 1436 0.1974
0.906401 1429 0.1975
0.906208 1424 0.1976
0.906208 1416 0.1977
0.906208 1412 0.1978
0.906208 1411 0.1979
0.906208 1409 0.198
0.906014 1407 0.1981
0.906014 1400 0.1982
0.905821 1399 0.1983
0.905821 1391 0.1984
0.905821 1388 0.1987
0.905821 1381 0.1988
0.905821 1380 0.1989
0.905821 1377 0.199
0.905821 1375 0.1991
0.905821 1373 0.1992
0.905821 1369 0.1993
0.905821 1367 0.1994
0.905821 1362 0.1995
0.905821 1359 0.1996
0.905821 1357 0.1997
0.905821 1352 0.1998
0.905821 1349 0.1999
0.905628 1347 0.2
0.905434 1346 0.2001
0.905434 1344 0.2002
0.905241 1339 0.2003
0.905241 1337 0.2004
0.905241 1333 0.2005
0.905241 1329 0.2006
0.905047 1328 0.2007
0.904854 1327 0.2008
0.904854 1324 0.2009
0.904661 1323 0.201
0.904661 1320 0.2011
0.904661 1317 0.2012
0.904661 1314 0.2013
0.904661 1310 0.2014
0.904661 1309 0.2015
0.904661 1307 0.2016
0.904661 1305 0.2017
0.904661 1299 0.2018
0.904661 1294 0.2019
0.904661 1288 0.202
0.904661 1287 0.2021
0.904467 1280 0.2022
0.904274 1277 0.2023
0.904274 1271 0.2024
0.904274 1267 0.2025
0.904274 1263 0.2026
0.904274 1257 0.2027
0.904274 1256 0.2028
0.904274 1250 0.2029
0.904274 1247 0.203
0.904274 1244 0.2031
0.904274 1243 0.2032
0.904274 1242 0.2033
0.904274 1240 0.2034
0.904274 1236 0.2035
0.904274 1233 0.2036
0.904274 1231 0.2037
0.90408 1229 0.2038
0.90408 1226 0.204
0.90408 1223 0.2041
0.903887 1221 0.2042
0.903887 1218 0.2043
0.903694 1216 0.2044
0.903694 1212 0.2045
0.903694 1209 0.2046
0.903694 1207 0.2047
0.903694 1204 0.2048
0.903694 1202 0.2049
0.903694 1200 0.205
0.903694 1198 0.2051
0.903694 1197 0.2052
0.903694 1196 0.2053
0.9035 1193 0.2054
0.9035 1190 0.2055
0.9035 1189 0.2056
0.9035 1186 0.2057
0.903307 1185 0.2058
0.903307 1184 0.2059
0.903114 1182 0.206
0.903114 1180 0.2061
0.903114 1178 0.2062
0.903114 1177 0.2064
0.903114 1174 0.2065
0.903114 1170 0.2066
0.903114 1168 0.2067
0.903114 1166 0.2069
0.903114 1163 0.207
0.903114 1161 0.2071
0.903114 1159 0.2072
0.903114 1153 0.2073
0.903114 1152 0.2074
0.903114 1150 0.2075
0.903114 1149 0.2076
0.90292 1147 0.2077
0.90292 1144 0.2078
0.90292 1142 0.2079
0.90292 1138 0.208
0.90292 1136 0.2081
0.90292 1133 0.2083
0.902727 1130 0.2084
0.902727 1129 0.2085
0.902727 1127 0.2086
0.902727 1123 0.2087
0.902727 1120 0.2088
0.902727 1117 0.2089
0.902727 1114 0.209
0.902727 1113 0.2092
0.902727 1107 0.2093
0.902533 1106 0.2094
0.902533 1104 0.2095
0.902533 1098 0.2096
0.902533 1097 0.2097
0.902533 1095 0.2098
0.902533 1091 0.2099
0.90234 1090 0.21
0.902147 1087 0.2101
0.902147 1085 0.2102
0.902147 1080 0.2104
0.902147 1076 0.2105
0.902147 1073 0.2106
0.902147 1072 0.2107
0.902147 1070 0.2108
0.902147 1069 0.2109
0.902147 1068 0.211
0.902147 1066 0.2112
0.902147 1064 0.2113
0.902147 1063 0.2114
0.902147 1062 0.2115
0.902147 1061 0.2117
0.902147 1060 0.2118
0.902147 1055 0.2119
0.902147 1052 0.212
0.902147 1051 0.2122
0.902147 1049 0.2123
0.902147 1045 0.2125
0.902147 1044 0.2126
0.902147 1043 0.2127
0.902147 1041 0.213
0.902147 1039 0.2131
0.902147 1037 0.2132
0.902147 1035 0.2133
0.902147 1033 0.2134
0.902147 1031 0.2135
0.901953 1031 0.2136
0.901953 1028 0.2138
0.901953 1025 0.2139
0.901953 1021 0.2141
0.901953 1019 0.2142
0.901953 1018 0.2143
0.901953 1016 0.2144
0.901953 1015 0.2145
0.901953 1014 0.2146
0.901953 1013 0.2147
0.901953 1010 0.2149
0.90176 1009 0.2152
0.90176 1007 0.2153
0.90176 1006 0.2154
0.901566 1005 0.2155
0.901566 1001 0.2156
0.901566 998 0.2157
0.901373 996 0.2158
0.901373 994 0.2159
0.901373 993 0.216
0.901373 989 0.2161
0.901373 987 0.2162
0.901373 986 0.2163
0.901373 985 0.2164
0.901373 981 0.2165
0.901373 978 0.2166
0.901373 976 0.2167
0.90118 976 0.2168
0.90118 972 0.2171
0.900986 969 0.2176
0.900986 967 0.2177
0.900986 966 0.2178
0.900986 965 0.2179
0.900793 963 0.2181
0.900793 962 0.2183
0.900986 958 0.2184
0.900986 956 0.2188
0.900986 955 0.2189
0.900793 954 0.219
0.900599 953 0.2191
0.900599 952 0.2192
0.900599 950 0.2193
0.900599 946 0.2194
0.900599 942 0.2195
0.900599 941 0.2197
0.900599 940 0.2198
0.900599 937 0.2199
0.900599 932 0.2201
0.900599 927 0.2203
0.900599 924 0.2204
0.900599 921 0.2205
0.900599 916 0.2206
0.900599 914 0.2207
0.900599 912 0.2209
0.900599 909 0.221
0.900599 908 0.2211
0.900599 907 0.2212
0.900599 906 0.2213
0.900599 904 0.2214
0.900599 902 0.2215
0.900599 900 0.2216
0.900599 899 0.2217
0.900599 895 0.2218
0.900599 894 0.2219
0.900599 892 0.222
0.900599 891 0.2221
0.900599 890 0.2222
0.900599 889 0.2223
0.900599 888 0.2224
0.900599 886 0.2225
0.900599 881 0.2226
0.900599 875 0.2227
0.900599 874 0.2228
0.900599 871 0.223
0.900599 870 0.2232
0.900599 868 0.2233
0.900599 867 0.2234
0.900599 866 0.2235
0.900599 864 0.2236
0.900599 863 0.2237
0.900599 860 0.2239
0.900599 856 0.2241
0.900599 854 0.2242
0.900599 853 0.2243
0.900599 852 0.2244
0.900793 849 0.2245
0.900793 846 0.2247
0.900793 845 0.2248
0.900793 844 0.225
0.900793 843 0.2251
0.900793 842 0.2252
0.900793 841 0.2253
0.900793 840 0.2254
0.900793 836 0.2255
0.900793 835 0.2256
0.900793 834 0.2257
0.900793 832 0.2258
0.900793 831 0.2259
0.900793 827 0.226
0.900599 827 0.2262
0.900599 826 0.2263
0.900599 825 0.2264
0.900599 823 0.2265
0.900599 822 0.2266
0.900599 821 0.2267
0.900599 818 0.2268
0.900599 816 0.2269
0.900599 815 0.227
0.900599 811 0.2271
0.900406 810 0.2272
0.900406 809 0.2273
0.900406 808 0.2276
0.900213 808 0.2277
0.900213 806 0.2278
0.900213 803 0.2279
0.900213 802 0.228
0.900213 801 0.2281
0.900213 797 0.2282
0.900213 795 0.2283
0.900213 794 0.2284
0.900213 792 0.2286
0.900213 789 0.2288
0.900213 785 0.2289
0.900213 784 0.229
0.900019 783 0.2291
0.899826 783 0.2292
0.899826 781 0.2294
0.899826 780 0.2295
0.899826 778 0.2296
0.899826 777 0.2297
0.899826 775 0.2298
0.899826 773 0.2299
0.899633 772 0.2301
0.899633 771 0.2302
0.899633 768 0.2303
0.899633 767 0.2305
0.899439 765 0.2306
0.899439 763 0.2307
0.899439 760 0.2308
0.899439 759 0.2311
0.899439 756 0.2312
0.899439 754 0.2313
0.899246 753 0.2316
0.899246 752 0.2317
0.899052 751 0.2319
0.899052 750 0.232
0.899052 749 0.2321
0.899052 748 0.2322
0.899052 746 0.2323
0.899052 745 0.2324
0.899052 743 0.2325
0.899052 742 0.2326
0.899052 740 0.2328
0.899052 737 0.2329
0.899052 736 0.2331
0.899052 735 0.2332
0.899052 734 0.2333
0.899052 732 0.2334
0.899052 731 0.2335
0.899052 730 0.2337
0.899052 729 0.2338
0.899052 726 0.2339
0.898859 722 0.234
0.898859 719 0.2341
0.898859 718 0.2342
0.898666 715 0.2344
0.898666 714 0.2346
0.898666 712 0.2347
0.898666 710 0.2348
0.898666 707 0.2349
0.898666 705 0.2351
0.898666 701 0.2352
0.898666 698 0.2353
0.898666 697 0.2355
0.898666 694 0.2356
0.898666 691 0.2357
0.898666 689 0.2359
0.898472 689 0.2361
0.898472 686 0.2362
0.898472 684 0.2363
0.898472 683 0.2364
0.898472 682 0.2367
0.898472 681 0.2369
0.898472 678 0.237
0.898279 678 0.2371
0.898279 676 0.2372
0.898085 675 0.2374
0.898085 673 0.2376
0.898085 671 0.2377
0.898085 670 0.2379
0.898085 667 0.238
0.898085 666 0.2382
0.898085 665 0.2383
0.898085 664 0.2385
0.898085 663 0.2389
0.897699 663 0.239
0.897699 662 0.2391
0.897505 662 0.2392
0.897505 660 0.2393
0.897505 659 0.2394
0.897505 654 0.2395
0.897505 651 0.2396
0.897505 650 0.2398
0.897505 648 0.2399
0.897505 647 0.24
0.897312 645 0.2401
0.897312 644 0.2402
0.897312 643 0.2406
0.897312 642 0.2407
0.897312 641 0.2408
0.897312 638 0.241
0.897312 636 0.2411
0.897312 635 0.2413
0.897312 634 0.2416
0.897312 631 0.2417
0.897312 630 0.2418
0.897312 628 0.2419
0.897312 627 0.242
0.897119 626 0.2423
0.897119 624 0.2425
0.896732 623 0.2426
0.896732 622 0.2428
0.896732 621 0.2429
0.896732 620 0.243
0.896538 620 0.2434
0.896538 618 0.2435
0.896538 617 0.2436
0.896538 616 0.2437
0.896538 614 0.2438
0.896345 614 0.2439
0.896345 612 0.2441
0.896345 611 0.2443
0.896345 607 0.2444
0.896345 606 0.2445
0.896345 604 0.2447
0.896345 603 0.2448
0.896345 601 0.245
0.896345 600 0.2451
0.896345 598 0.2455
0.896345 597 0.2456
0.896152 596 0.2457
0.896152 595 0.2458
0.896152 594 0.2459
0.896152 592 0.246
0.896152 591 0.2461
0.896152 590 0.2463
0.896152 589 0.2465
0.896152 588 0.247
0.896152 587 0.2472
0.895958 585 0.2473
0.895958 583 0.2474
0.895958 582 0.2475
0.895958 581 0.2477
0.895958 580 0.2482
0.895958 578 0.2483
0.895958 576 0.2484
0.895958 574 0.2486
0.895958 573 0.2487
0.895765 572 0.2488
0.895765 571 0.249
0.895765 569 0.2491
0.895765 568 0.2493
0.895765 567 0.2496
0.895765 563 0.2498
0.895765 562 0.25
0.895765 560 0.2501
0.895765 559 0.2503
0.895765 557 0.2504
0.895765 556 0.2505
0.895765 555 0.2507
0.895765 554 0.2509
0.895765 553 0.2512
0.895765 552 0.2518
0.895765 551 0.2523
0.895765 550 0.2528
0.895765 549 0.2529
0.895765 548 0.253
0.895765 547 0.2534
0.895765 546 0.2535
0.895765 545 0.2536
0.895765 544 0.2537
0.895765 543 0.2538
0.895765 541 0.254
0.895765 540 0.2541
0.895765 539 0.2544
0.895765 538 0.2549
0.895765 537 0.2551
0.895765 536 0.2552
0.895765 534 0.2554
0.895765 532 0.2556
0.895765 531 0.2557
0.895571 531 0.2558
0.895571 530 0.2559
0.895571 529 0.256
0.895571 528 0.2565
0.895571 527 0.2569
0.895571 526 0.2574
0.895571 525 0.2578
0.895571 524 0.2579
0.895571 522 0.2581
0.895571 521 0.2582
0.895378 521 0.2583
0.895378 520 0.2584
0.895378 519 0.2586
0.895378 518 0.2587
0.895378 517 0.2588
0.895185 516 0.2591
0.895185 514 0.2594
0.895185 513 0.2595
0.895185 511 0.2597
0.895185 510 0.2598
0.895185 509 0.2599
0.895185 508 0.26
0.894991 507 0.2602
0.894991 506 0.2603
0.894991 504 0.2609
0.894991 503 0.261
0.894991 501 0.2615
0.894991 500 0.2618
0.894991 497 0.2619
0.894991 495 0.2622
0.894991 494 0.2623
0.894991 493 0.2624
0.894991 492 0.2627
0.894991 491 0.2632
0.894798 491 0.2633
0.894798 489 0.2637
0.894798 488 0.2638
0.894798 486 0.2642
0.894798 484 0.2644
0.894798 483 0.2645
0.894798 482 0.2646
0.894605 481 0.2647
0.894605 479 0.2648
0.894605 477 0.2649
0.894605 475 0.2654
0.894605 474 0.2656
0.894024 474 0.2659
0.894024 473 0.2662
0.894024 471 0.2663
0.894024 470 0.2665
0.894024 469 0.2667
0.894024 468 0.267
0.894024 466 0.2672
0.894024 465 0.2673
0.894024 463 0.2674
0.894024 462 0.2676
0.894024 461 0.2677
0.894024 460 0.2678
0.893831 460 0.2679
0.893831 459 0.2688
0.893831 457 0.2689
0.893831 456 0.2691
0.893831 455 0.2694
0.893638 455 0.27
0.893638 454 0.2702
0.893638 453 0.2703
0.893638 452 0.2709
0.893444 452 0.271
0.893444 451 0.2712
0.893444 450 0.2714
0.893444 449 0.2716
0.893251 449 0.2719
0.893251 448 0.2721
0.893251 447 0.2724
0.892864 447 0.2726
0.892864 446 0.2728
0.892864 445 0.273
0.892864 444 0.2732
0.892864 443 0.2733
0.892864 442 0.2736
0.892671 442 0.2739
0.892671 440 0.274
0.892671 439 0.2742
0.892477 439 0.2747
0.892477 438 0.2755
0.892284 438 0.2757
0.892284 437 0.2758
0.892091 436 0.2762
0.892091 433 0.2764
0.892091 432 0.2766
0.892091 431 0.2768
0.892091 430 0.2769
0.891897 429 0.2773
0.891897 428 0.2778
0.891704 427 0.2785
0.891704 426 0.2795
0.891704 424 0.2796
0.891704 423 0.2798
0.891704 422 0.28
0.891704 420 0.2802
0.891704 419 0.2807
0.891704 417 0.2808
0.891704 416 0.2809
0.891704 415 0.281
0.891704 414 0.2811
0.891704 413 0.2812
0.891704 412 0.2816
0.891704 411 0.2818
0.891704 410 0.2819
0.89151 410 0.282
0.89151 409 0.2821
0.891317 409 0.2823
0.891317 408 0.2825
0.891317 407 0.2828
0.891317 406 0.283
0.891317 405 0.2835
0.891124 405 0.284
0.891124 403 0.2844
0.891124 402 0.2848
0.891124 401 0.285
0.891124 400 0.286
0.891124 398 0.2862
0.891124 397 0.2868
0.89093 397 0.2873
0.89093 396 0.2874
0.89093 395 0.288
0.89093 394 0.2887
0.890737 394 0.2888
0.890543 394 0.2899
0.890543 393 0.2902
0.890543 392 0.2906
0.890543 391 0.2908
0.89035 391 0.2916
0.89035 390 0.2917
0.890157 390 0.2927
0.890157 389 0.2928
0.890157 388 0.2929
0.890157 387 0.2939
0.890157 386 0.2941
0.890157 385 0.2943
0.890157 383 0.2945
0.890157 382 0.2947
0.889963 382 0.295
0.88977 380 0.2952
0.889576 380 0.2955
0.889576 379 0.2958
0.889576 378 0.2965
0.889576 377 0.2966
0.889576 376 0.2972
0.889576 375 0.298
0.889383 375 0.2983
0.88919 375 0.2986
0.888996 375 0.2988
0.888996 374 0.299
0.888803 374 0.2992
0.88861 374 0.2994
0.88861 373 0.2996
0.88861 372 0.3004
0.888416 371 0.3007
0.888416 369 0.3008
0.888416 368 0.3012
0.888416 367 0.3018
0.888416 366 0.3022
0.888223 366 0.3032
0.888223 365 0.3033
0.888029 365 0.3039
0.887836 364 0.3041
0.887836 363 0.3043
0.887643 363 0.3045
0.887449 362 0.3047
0.887256 362 0.3049
0.887256 361 0.3055
0.887256 360 0.3065
0.887062 360 0.3069
0.887062 359 0.3072
0.887062 358 0.3074
0.887062 357 0.3075
0.886869 357 0.3076
0.886869 356 0.3078
0.886869 355 0.3081
0.886869 354 0.3083
0.886869 353 0.3086
0.886869 352 0.3088
0.886869 351 0.309
0.886869 350 0.3093
0.886869 349 0.3097
0.886869 347 0.3109
0.886869 346 0.3113
0.886869 345 0.3115
0.886869 344 0.3117
0.886869 343 0.3118
0.886869 342 0.312
0.886869 341 0.3125
0.886869 340 0.3129
0.886676 340 0.3133
0.886676 339 0.3134
0.886676 338 0.3135
0.886676 337 0.3136
0.886676 336 0.3139
0.886676 335 0.3141
0.886482 335 0.3146
0.886289 335 0.3148
0.886289 334 0.3151
0.886289 333 0.3159
0.886289 332 0.316
0.886289 331 0.3169
0.886096 331 0.317
0.886096 330 0.3171
0.886096 328 0.3174
0.886096 327 0.3177
0.885902 326 0.3182
0.885709 326 0.3184
0.885515 326 0.3185
0.885515 325 0.3187
0.885515 324 0.3188
0.885322 324 0.3189
0.885129 324 0.3192
0.885129 322 0.3205
0.884935 322 0.3207
0.884935 320 0.3216
0.884935 319 0.3219
0.884742 319 0.3239
0.884742 318 0.3242
0.884742 316 0.3244
0.884548 316 0.3245
0.884548 315 0.3248
0.884548 314 0.3257
0.884355 314 0.3269
0.884355 313 0.3271
0.884355 311 0.3278
0.884162 311 0.3289
0.884162 310 0.3295
0.884162 309 0.3306
0.884162 308 0.3316
0.884162 307 0.3318
0.883968 306 0.332
0.883968 305 0.3323
0.883968 304 0.3327
0.883968 303 0.3339
0.883968 302 0.3344
0.883968 301 0.3351
0.883775 301 0.3359
0.883775 300 0.3364
0.883775 299 0.3381
0.883582 299 0.3384
0.883582 298 0.3386
0.883582 297 0.3397
0.883388 297 0.3398
0.883195 297 0.3411
0.883001 296 0.3413
0.882808 296 0.343
0.882808 295 0.3441
0.882808 294 0.3442
0.882615 294 0.3454
0.882421 294 0.3455
0.882421 293 0.3458
0.882228 293 0.3465
0.882228 292 0.3469
0.882228 291 0.3477
0.882228 290 0.3485
0.882228 289 0.3486
0.882228 288 0.349
0.882228 287 0.3493
0.882034 287 0.3497
0.881841 287 0.3501
0.881841 286 0.3504
0.881841 285 0.3509
0.881648 285 0.3513
0.881454 285 0.3521
0.881261 285 0.3523
0.881261 284 0.3545
0.881067 283 0.3548
0.881067 282 0.3549
0.881067 281 0.3553
0.881067 279 0.3554
0.880874 279 0.3557
0.880874 278 0.356
0.880874 277 0.3571
0.880874 276 0.3573
0.880874 275 0.3575
0.880874 274 0.3596
0.880681 274 0.3598
0.880681 273 0.3599
0.880681 272 0.36
0.880681 271 0.3606
0.880681 270 0.3618
0.880487 270 0.362
0.880294 270 0.3626
0.880101 270 0.3627
0.879907 270 0.3629
0.879714 270 0.3632
0.879714 269 0.3646
0.879714 268 0.3658
0.879714 267 0.3678
0.879714 266 0.3679
0.87952 266 0.3687
0.879327 266 0.3696
0.879327 265 0.3699
0.879327 264 0.37
0.879327 262 0.3707
0.879327 261 0.3711
0.879327 260 0.3715
0.879327 258 0.3716
0.879327 257 0.3744
0.879327 256 0.3748
0.879327 255 0.3753
0.879327 254 0.3756
0.879327 253 0.3758
0.879134 253 0.3765
0.879134 252 0.3768
0.87894 252 0.3772
0.878747 252 0.3781
0.878747 251 0.3785
0.878747 250 0.3787
0.878747 249 0.3819
0.878747 248 0.3831
0.878747 247 0.385
0.878553 247 0.3855
0.878553 246 0.386
0.878553 245 0.3863
0.878553 244 0.3896
0.87836 244 0.3899
0.878167 244 0.3908
0.877973 244 0.3915
0.87778 243 0.3917
0.877587 243 0.3929
0.877587 242 0.3934
0.877587 241 0.3935
0.877393 241 0.3938
0.8772 240 0.394
0.877006 240 0.3944
0.876813 239 0.3948
0.87662 239 0.3954
0.87662 238 0.3955
0.876426 238 0.3967
0.876426 237 0.3977
0.876426 236 0.3978
0.876426 235 0.399
0.876426 234 0.3991
0.876426 233 0.3993
0.876426 232 0.4
0.876426 231 0.4023
0.876426 230 0.4026
0.876426 229 0.4028
0.876233 229 0.4029
0.876233 228 0.4031
0.876039 228 0.4036
0.876039 227 0.4047
0.876039 226 0.4051
0.876039 224 0.4056
0.875846 224 0.4064
0.875846 223 0.4068
0.875653 223 0.407
0.875653 222 0.4072
0.875459 222 0.4077
0.875459 221 0.408
0.875459 220 0.4085
0.875459 219 0.4089
0.875266 219 0.4094
0.875266 218 0.4096
0.875266 217 0.4097
0.875266 216 0.4106
0.875266 215 0.4115
0.875073 215 0.412
0.874879 215 0.4129
0.874879 214 0.4134
0.874879 213 0.4143
0.874879 212 0.4162
0.874879 211 0.4192
0.874879 210 0.4196
0.874879 209 0.4211
0.874686 209 0.4214
0.874492 209 0.4222
0.874299 209 0.4236
0.874299 208 0.4243
0.874106 208 0.4244
0.873912 208 0.4257
0.873912 207 0.426
0.873912 206 0.4268
0.873719 206 0.4272
0.873719 205 0.4275
0.873525 205 0.4282
0.873525 204 0.4289
0.873525 203 0.4305
0.873332 203 0.4307
0.873332 202 0.4314
0.873332 201 0.4332
0.873332 200 0.4342
0.873139 200 0.4353
0.872945 200 0.4357
0.872752 200 0.436
0.872558 200 0.4371
0.872558 199 0.4381
0.872365 199 0.4382
0.872172 199 0.4401
0.872172 198 0.4404
0.871978 198 0.443
0.871785 198 0.4436
0.871785 197 0.4446
0.871785 196 0.4447
0.871592 196 0.4451
0.871398 196 0.4463
0.871205 195 0.4464
0.871205 194 0.4471
0.871011 194 0.4485
0.870818 194 0.4492
0.870818 193 0.4494
0.870625 193 0.45
0.870625 192 0.4533
0.870625 191 0.4555
0.870431 191 0.4571
0.870238 191 0.4575
0.870044 191 0.4582
0.870044 190 0.4592
0.870044 189 0.4621
0.870044 188 0.4638
0.870044 187 0.4639
0.870044 186 0.4645
0.869851 186 0.4656
0.869851 185 0.466
0.869851 184 0.4713
0.869658 184 0.4715
0.869464 184 0.4741
0.869464 183 0.477
0.869271 183 0.4779
0.869271 182 0.4787
0.869078 182 0.4791
0.868884 182 0.4829
0.868884 181 0.4834
0.868691 181 0.4835
0.868691 180 0.4847
0.868691 179 0.4853
0.868497 179 0.4858
0.868304 179 0.4864
0.868111 179 0.4872
0.868111 178 0.4875
0.868111 177 0.4877
0.868111 176 0.4899
0.868111 175 0.4907
0.868111 174 0.4928
0.867917 174 0.4939
0.867724 174 0.4941
0.86753 174 0.4948
0.867337 174 0.4954
0.867144 174 0.4989
0.86695 174 0.5021
0.86695 173 0.5024
0.86695 172 0.5026
0.86695 171 0.5029
0.86695 170 0.5036
0.86695 169 0.5039
0.86695 168 0.5068
0.86695 167 0.507
0.866757 167 0.5088
0.866757 166 0.5089
0.866757 165 0.5121
0.866564 165 0.5128
0.86637 165 0.5155
0.86637 164 0.5159
0.86637 163 0.5177
0.866177 163 0.5212
0.865983 163 0.5219
0.86579 163 0.5234
0.86579 162 0.5241
0.865597 162 0.5252
0.865403 162 0.5258
0.86521 162 0.5267
0.865016 162 0.528
0.864823 162 0.5314
0.86463 162 0.5318
0.86463 161 0.5319
0.864243 161 0.5324
0.86405 161 0.5355
0.863856 161 0.5364
0.863856 160 0.5383
0.863663 160 0.5419
0.863663 159 0.5428
0.863469 159 0.5429
0.863276 159 0.5432
0.863276 158 0.5439
0.863276 157 0.5455
0.863083 157 0.5463
0.863083 156 0.547
0.862889 156 0.5471
0.862889 155 0.5489
0.862696 155 0.5495
0.862696 154 0.5523
0.862696 152 0.5524
0.862696 151 0.5525
0.862502 150 0.5527
0.862502 149 0.5528
0.862309 149 0.5555
0.862309 148 0.5564
0.862309 147 0.5588
0.862116 147 0.559
0.862116 146 0.5591
0.861922 146 0.5612
0.861729 146 0.5619
0.861535 146 0.5625
0.861535 145 0.5644
0.861535 144 0.5679
0.861342 144 0.5687
0.861149 144 0.5693
0.861149 143 0.5696
0.860955 142 0.5708
0.860955 141 0.5709
0.860762 141 0.5714
0.860762 140 0.5716
0.860762 139 0.5755
0.860569 139 0.5758
0.860375 139 0.5762
0.860375 138 0.5763
0.860182 138 0.5773
0.859988 138 0.5794
0.859795 138 0.5796
0.859602 137 0.5808
0.859602 136 0.581
0.859408 136 0.5812
0.859215 136 0.5813
0.859215 135 0.5818
0.859021 135 0.5826
0.859021 134 0.5829
0.858828 134 0.5847
0.858635 133 0.587
0.858441 133 0.5887
0.858441 132 0.5888
0.858248 132 0.5905
0.858055 132 0.5918
0.857861 132 0.5952
0.857861 130 0.5958
0.857861 129 0.596
0.857861 128 0.5978
0.857861 127 0.5986
0.857861 126 0.599
0.857668 126 0.5997
0.857474 126 0.5998
0.857281 126 0.6
0.857281 125 0.6006
0.857281 124 0.6018
0.857281 123 0.6031
0.857281 122 0.6033
0.857281 121 0.6035
0.857281 120 0.6088
0.857281 119 0.6095
0.857088 119 0.6104
0.857088 118 0.6121
0.857088 117 0.6129
0.857088 116 0.6141
0.857088 115 0.6146
0.857088 114 0.6155
0.856894 114 0.6156
0.856701 114 0.6161
0.856701 113 0.6173
0.856507 113 0.6177
0.856314 113 0.621
0.856314 112 0.6215
0.856121 112 0.6218
0.856121 111 0.6219
0.855927 110 0.6229
0.855734 110 0.6234
0.855541 110 0.6236
0.855154 110 0.6248
0.855154 109 0.6268
0.855154 108 0.6281
0.85496 108 0.6296
0.85496 107 0.6302
0.85496 106 0.6311
0.85496 105 0.6317
0.85496 104 0.6326
0.854767 104 0.6331
0.854574 104 0.6337
0.85438 104 0.6356
0.854187 104 0.6361
0.853993 104 0.6385
0.853993 103 0.6388
0.853993 102 0.6404
0.853993 101 0.6414
0.853993 100 0.6425
0.8538 100 0.6431
0.853607 100 0.6438
0.853607 99 0.6453
0.853413 99 0.6456
0.85322 99 0.6475
0.853026 98 0.6477
0.853026 97 0.6494
0.852833 97 0.6508
0.852833 96 0.6514
0.85264 96 0.6519
0.85264 95 0.6525
0.85264 94 0.6536
0.852446 94 0.6541
0.852446 93 0.6557
0.852446 92 0.6573
0.852446 91 0.6574
0.852253 91 0.6584
0.85206 91 0.6587
0.851866 91 0.6594
0.851673 91 0.6599
0.851479 91 0.66
0.851479 90 0.661
0.851286 90 0.6612
0.851093 90 0.6618
0.851093 89 0.6631
0.850899 89 0.6632
0.850706 89 0.6644
0.850512 89 0.6649
0.850512 88 0.6659
0.850319 87 0.6689
0.850126 87 0.6695
0.850126 86 0.6702
0.849932 86 0.6706
0.849739 86 0.6707
0.849739 85 0.6712
0.849546 85 0.6718
0.849546 84 0.6745
0.849352 84 0.6762
0.849159 84 0.6766
0.848965 84 0.6772
0.848772 84 0.6777
0.848579 84 0.6778
0.848385 84 0.6779
0.848192 84 0.678
0.848192 83 0.6785
0.847998 83 0.68
0.847805 83 0.6817
0.847805 82 0.6834
0.847612 82 0.6847
0.847612 81 0.6853
0.847418 81 0.6873
0.847225 81 0.6874
0.847032 81 0.6882
0.846838 81 0.6891
0.846645 81 0.692
0.846451 81 0.6936
0.846065 81 0.6946
0.845871 81 0.6948
0.845678 81 0.6981
0.845484 81 0.6984
0.845291 81 0.6985
0.845098 81 0.7008
0.845098 80 0.702
0.844904 80 0.7042
0.844904 79 0.7052
0.844711 79 0.7055
0.844518 79 0.7064
0.844518 77 0.7065
0.844324 77 0.7069
0.844131 77 0.7083
0.844131 76 0.7088
0.843937 76 0.7104
0.843937 75 0.713
0.843744 75 0.7137
0.843744 74 0.7148
0.843551 74 0.7155
0.843357 74 0.7177
0.843164 74 0.7196
0.84297 74 0.7217
0.842777 74 0.722
0.842584 74 0.7244
0.84239 74 0.7265
0.842197 74 0.7273
0.842003 74 0.7307
0.84181 74 0.7313
0.841617 74 0.7316
0.841617 73 0.7326
0.841423 73 0.7332
0.84123 73 0.7349
0.841037 73 0.735
0.841037 72 0.7361
0.841037 71 0.7365
0.840843 71 0.7371
0.84065 71 0.7379
0.84065 70 0.7384
0.840456 70 0.7392
0.840263 70 0.7394
0.84007 70 0.741
0.839876 70 0.7412
0.839683 70 0.7417
0.839489 70 0.7425
0.839296 70 0.7436
0.839103 70 0.7447
0.838909 70 0.7454
0.838909 69 0.7455
0.838716 69 0.7457
0.838523 69 0.7466
0.838329 69 0.7477
0.838136 69 0.7496
0.837942 69 0.7499
0.837942 68 0.7515
0.837749 68 0.7522
0.837556 68 0.7539
0.837556 67 0.7551
0.837362 67 0.7575
0.837362 66 0.7578
0.837169 66 0.7579
0.836975 66 0.7584
0.836782 66 0.7594
0.836589 66 0.7602
0.836395 66 0.7606
0.836202 66 0.7614
0.836202 65 0.7616
0.836009 65 0.7627
0.835815 65 0.7633
0.835622 65 0.7635
0.835428 65 0.7649
0.835235 65 0.7661
0.835042 65 0.7667
0.835042 64 0.7669
0.835042 63 0.7674
0.834848 63 0.7677
0.834655 63 0.7698
0.834655 62 0.7699
0.834268 62 0.77
0.834075 62 0.7706
0.833881 62 0.7714
0.833688 62 0.7722
0.833494 62 0.7725
0.833494 61 0.7733
0.833301 61 0.7739
0.833301 60 0.7751
0.833108 60 0.7759
0.832721 60 0.7763
0.832528 60 0.7772
0.832334 60 0.7779
0.832141 60 0.778
0.832141 59 0.7783
0.831947 59 0.7789
0.831754 59 0.782
0.831561 59 0.7823
0.831561 58 0.7833
0.831367 58 0.7834
0.831367 57 0.7838
0.831174 57 0.7846
0.83098 57 0.7851
0.830787 57 0.7861
0.830594 57 0.7862
0.8304 57 0.7871
0.830207 57 0.7875
0.830014 57 0.7877
0.829627 57 0.7884
0.829433 57 0.7894
0.829433 56 0.7895
0.82924 56 0.7896
0.829047 56 0.7898
0.828853 56 0.7901
0.82866 56 0.7902
0.828466 56 0.7911
0.828273 56 0.7917
0.82808 56 0.7919
0.827886 56 0.7925
0.827886 55 0.7926
0.827693 55 0.7932
0.8275 55 0.7943
0.827306 55 0.7975
0.827113 55 0.7991
0.826726 55 0.8005
0.826533 55 0.8009
0.826533 54 0.8013
0.826339 54 0.8021
0.826146 54 0.8027
0.825952 54 0.8029
0.825952 53 0.8034
0.825566 53 0.804
0.825372 53 0.8048
0.825372 52 0.8062
0.825179 52 0.8072
0.824985 52 0.8075
0.824792 52 0.8077
0.824599 52 0.8078
0.824599 51 0.8107
0.824405 51 0.8114
0.824212 51 0.8115
0.824019 50 0.8116
0.823825 50 0.8117
0.823632 50 0.8143
0.823438 50 0.8145
0.823245 50 0.8157
0.823052 50 0.8162
0.822858 50 0.8171
0.822665 50 0.8172
0.822471 50 0.8184
0.822278 50 0.8197
0.822085 50 0.8216
0.822085 49 0.8222
0.821891 49 0.8227
0.821698 49 0.8234
0.821505 49 0.8235
0.821311 49 0.8238
0.821311 48 0.824
0.821118 48 0.8242
0.820924 48 0.8243
0.820731 48 0.8245
0.820731 47 0.8258
0.820538 47 0.8263
0.820344 47 0.8264
0.820151 47 0.8277
0.819764 47 0.8281
0.819377 47 0.8283
0.819184 47 0.8288
0.818991 47 0.8304
0.818797 47 0.8305
0.81841 47 0.8308
0.818217 47 0.8314
0.818024 47 0.8329
0.818024 46 0.8334
0.81783 46 0.8336
0.817637 45 0.8343
0.817443 45 0.8344
0.81725 45 0.8345
0.817057 45 0.8346
0.817057 44 0.8348
0.817057 43 0.8349
0.817057 42 0.8353
0.816863 42 0.8355
0.81667 42 0.8363
0.816477 42 0.8365
0.816283 42 0.8368
0.81609 42 0.8372
0.815703 42 0.8379
0.81551 42 0.8384
0.815316 42 0.8392
0.815123 42 0.8393
0.814929 42 0.8394
0.814736 42 0.8408
0.814543 42 0.8409
0.814349 42 0.841
0.814156 42 0.8411
0.814156 41 0.8415
0.813962 41 0.8421
0.813576 41 0.8429
0.813382 41 0.8432
0.813189 40 0.8435
0.812996 40 0.8439
0.812802 40 0.8442
0.812609 40 0.8445
0.812415 40 0.8448
0.812222 39 0.8449
0.812029 39 0.8451
0.811835 39 0.8453
0.811642 39 0.8459
0.811642 38 0.8464
0.811448 38 0.8469
0.811255 38 0.847
0.811062 38 0.8472
0.810868 38 0.8477
0.810675 38 0.8479
0.810482 38 0.8489
0.810288 38 0.849
0.810095 38 0.8495
0.809901 38 0.8497
0.809708 38 0.8503
0.809515 38 0.8504
0.809321 38 0.8508
0.809128 38 0.8514
0.808934 38 0.8519
0.808741 38 0.8525
0.808548 38 0.8532
0.808354 38 0.8537
0.808161 38 0.8539
0.807968 38 0.8552
0.807774 38 0.8555
0.807581 38 0.8556
0.807387 38 0.8557
0.807194 38 0.8559
0.807001 38 0.8562
0.806807 38 0.8563
0.806614 38 0.8575
0.806614 37 0.858
0.80642 37 0.8581
0.806227 37 0.8584
0.806034 37 0.8586
0.80584 37 0.8593
0.805647 37 0.8594
0.805453 37 0.8601
0.80526 37 0.8602
0.805067 37 0.8607
0.804873 37 0.8608
0.80468 37 0.8611
0.804487 37 0.8612
0.804293 37 0.8613
0.8041 37 0.8624
0.803906 37 0.8628
0.803713 37 0.863
0.80352 37 0.8632
0.803326 37 0.8634
0.803133 37 0.8636
0.802939 37 0.8637
0.802746 37 0.8649
0.802746 36 0.8653
0.802746 35 0.8656
0.802553 35 0.8661
0.802359 35 0.8663
0.802166 35 0.8671
0.801779 35 0.8675
0.801586 35 0.8677
0.801392 35 0.8681
0.801199 35 0.8685
0.801006 35 0.8694
0.800812 35 0.8703
0.800619 35 0.8704
0.800425 35 0.8714
0.800232 35 0.8715
0.800039 35 0.8718
0.799845 35 0.872
0.799459 35 0.8725
0.799265 35 0.8726
0.799072 35 0.8729
0.798878 35 0.873
0.798685 35 0.8736
0.798298 35 0.8741
0.798105 35 0.8742
0.797911 35 0.8748
0.797718 35 0.8751
0.797525 35 0.8752
0.797331 35 0.8755
0.797138 35 0.8761
0.796944 35 0.8766
0.796751 35 0.8768
0.796558 35 0.877
0.796364 35 0.8771
0.796171 35 0.8775
0.795978 35 0.8777
0.795784 35 0.8792
0.795397 35 0.8801
0.795204 35 0.8802
0.795011 35 0.8805
0.794817 35 0.8806
0.79443 35 0.8813
0.794237 35 0.8816
0.794044 35 0.8825
0.79385 35 0.8827
0.793657 35 0.8831
0.79327 35 0.8833
0.793077 35 0.8835
0.792883 35 0.8837
0.792883 34 0.8842
0.79269 34 0.8844
0.792497 34 0.8845
0.79211 34 0.8858
0.791723 34 0.8859
0.79153 34 0.8861
0.791336 34 0.8862
0.791143 34 0.8863
0.79095 34 0.8864
0.790756 34 0.8866
0.790563 34 0.8874
0.789983 34 0.8875
0.789789 34 0.8876
0.789402 34 0.8877
0.789016 34 0.8878
0.788822 34 0.8882
0.788629 34 0.8883
0.788436 34 0.8884
0.788242 34 0.8885
0.788049 34 0.8893
0.787855 34 0.8895
0.787662 34 0.8898
0.787469 34 0.8899
0.787275 34 0.8904
0.787275 33 0.8908
0.787082 33 0.8909
0.786695 33 0.891
0.786502 33 0.8914
0.786308 33 0.892
0.786115 33 0.8922
0.785921 33 0.8927
0.785728 33 0.8928
0.785535 33 0.8929
0.785341 33 0.8932
0.785148 33 0.8933
0.784761 33 0.8934
0.784374 33 0.8935
0.784181 33 0.8936
0.783988 33 0.894
0.783794 33 0.8941
0.783601 33 0.8942
0.783214 33 0.8943
0.783021 33 0.8944
0.782827 33 0.8947
0.782634 33 0.895
0.782441 33 0.8954
0.782054 33 0.8958
0.78186 33 0.8959
0.781667 33 0.896
0.781087 32 0.8962
0.781087 31 0.8964
0.7807 31 0.8965
0.780507 31 0.8967
0.780313 31 0.897
0.78012 31 0.8971
0.779733 31 0.8972
0.77954 31 0.8974
0.779346 31 0.8976
0.779153 31 0.8977
0.778766 31 0.8978
0.778573 31 0.8979
0.778186 31 0.8982
0.777799 31 0.8984
0.777412 31 0.8985
0.777219 31 0.8987
0.777026 31 0.8988
0.776832 31 0.8991
0.776639 31 0.8994
0.776252 31 0.8998
0.776059 31 0.8999
0.775672 31 0.9002
0.775479 31 0.9003
0.775092 31 0.9004
0.774898 31 0.9005
0.774705 31 0.9007
0.774512 31 0.9008
0.774125 31 0.901
0.773932 31 0.9011
0.773738 31 0.9013
0.773545 31 0.9014
0.773158 31 0.9015
0.772965 31 0.9018
0.772771 31 0.9022
0.772384 31 0.9024
0.772191 31 0.9025
0.772191 30 0.9028
0.771998 30 0.9029
0.771804 30 0.9032
0.771611 30 0.9033
0.771418 30 0.9034
0.771031 30 0.9037
0.770837 30 0.904
0.770064 30 0.9042
0.769677 30 0.9043
0.76929 30 0.9045
0.769097 30 0.9048
0.76871 30 0.905
0.76871 29 0.9055
0.768323 29 0.9056
0.767937 29 0.9057
0.767937 28 0.9058
0.76755 28 0.9059
0.767356 28 0.906
0.76697 28 0.9061
0.766776 28 0.9062
0.766389 28 0.9063
0.766196 28 0.9064
0.765809 28 0.9067
0.764842 28 0.9068
0.764649 28 0.9069
0.763875 28 0.907
0.763682 28 0.9073
0.763489 28 0.9074
0.763295 28 0.9076
0.763102 28 0.9077
0.762715 28 0.9078
0.762328 28 0.9079
0.762135 28 0.908
0.761748 28 0.9082
0.761555 28 0.9083
0.761361 28 0.9087
0.760975 28 0.9088
0.760395 28 0.909
0.760008 28 0.9091
0.759621 28 0.9097
0.759428 28 0.9099
0.759234 28 0.91
0.759041 28 0.9101
0.758461 27 0.9102
0.758267 27 0.9103
0.75788 27 0.9104
0.757687 27 0.9106
0.757494 27 0.9108
0.757107 27 0.9109
0.756914 27 0.911
0.756527 27 0.9111
0.756333 26 0.9113
0.75614 26 0.9115
0.755947 26 0.9116
0.755753 26 0.9117
0.75556 26 0.9119
0.755366 26 0.9122
0.75498 26 0.9123
0.754786 26 0.9124
0.754013 26 0.9126
0.753626 26 0.9127
0.753433 26 0.9128
0.753239 25 0.913
0.752852 25 0.9131
0.752466 25 0.9135
0.752079 25 0.9136
0.751886 25 0.9138
0.751305 25 0.914
0.751112 25 0.9141
0.750725 25 0.9142
0.750338 25 0.9144
0.749952 25 0.9146
0.749565 25 0.9147
0.749178 25 0.9148
0.748598 25 0.9151
0.748405 25 0.9152
0.748211 25 0.9154
0.747824 24 0.9155
0.747631 24 0.9158
0.747438 24 0.9159
0.747244 23 0.9161
0.747051 23 0.9163
0.746857 23 0.9165
0.746471 23 0.9166
0.746277 23 0.9167
0.746084 23 0.917
0.745891 23 0.9172
0.745697 23 0.9173
0.745504 23 0.9174
0.744924 23 0.9176
0.74473 23 0.9177
0.744343 23 0.9178
0.74415 23 0.9179
0.743957 23 0.918
0.743763 23 0.9183
0.743377 23 0.9185
0.743183 23 0.9187
0.74241 23 0.9192
0.742216 23 0.9193
0.742023 23 0.9194
0.741829 23 0.9195
0.741443 23 0.9196
0.741249 23 0.9197
0.740863 23 0.9198
0.740669 23 0.9201
0.740089 23 0.9202
0.739896 23 0.9203
0.739702 22 0.9204
0.739509 22 0.9205
0.738929 22 0.9206
0.738735 22 0.9207
0.738348 22 0.9208
0.737768 22 0.9209
0.737575 22 0.9213
0.737382 22 0.9214
0.736995 22 0.9215
0.736801 22 0.9216
0.736608 22 0.9217
0.736415 22 0.9218
0.736221 22 0.9219
0.736028 22 0.922
0.735834 22 0.9223
0.735641 22 0.9224
0.735448 22 0.9225
0.735254 22 0.9227
0.734868 22 0.9229
0.734674 22 0.923
0.734287 22 0.9231
0.733901 22 0.9232
0.73332 22 0.9233
0.73274 22 0.9234
0.732547 22 0.9235
0.73216 22 0.9237
0.731773 22 0.9238
0.731387 22 0.9239
0.731193 22 0.924
0.731 22 0.9241
0.73042 22 0.9243
0.729646 22 0.9244
0.729259 22 0.9245
0.728873 22 0.9246
0.728292 22 0.9248
0.728099 21 0.925
0.727712 21 0.9251
0.727132 21 0.9252
0.726745 21 0.9253
0.726359 21 0.9254
0.725972 21 0.9255
0.725778 21 0.9256
0.725585 21 0.9258
0.725392 21 0.9261
0.725198 21 0.9262
0.724811 21 0.9263
0.724425 21 0.9264
0.724038 21 0.9266
0.723651 21 0.9267
0.723071 21 0.927
0.722878 21 0.9272
0.722491 21 0.9273
0.721911 21 0.9274
0.721137 21 0.9275
0.720364 21 0.9276
0.72017 21 0.9278
0.719783 21 0.9279
0.71959 21 0.9281
0.719203 21 0.9282
0.718816 21 0.9283
0.718623 21 0.9284
0.718236 21 0.9286
0.718043 21 0.9287
0.717463 21 0.9288
0.716883 21 0.9289
0.715916 21 0.9292
0.715722 21 0.9293
0.715142 21 0.9294
0.714755 21 0.9296
0.714562 21 0.9297
0.713788 21 0.9298
0.713595 21 0.93
0.713402 21 0.9301
0.713015 21 0.9302
0.712435 21 0.9303
0.712048 21 0.9304
0.711855 21 0.9305
0.711661 21 0.9306
0.711274 21 0.9307
0.711081 21 0.9308
0.710888 21 0.9309
0.710694 21 0.931
0.710307 21 0.9311
0.710114 21 0.9312
0.709921 21 0.9313
0.709147 21 0.9314
0.708954 21 0.9316
0.70876 21 0.9317
0.708374 21 0.9318
0.707987 21 0.9319
0.707407 21 0.932
0.706827 21 0.9321
0.706053 21 0.9322
0.705666 21 0.9323
0.705279 21 0.9324
0.704699 21 0.9325
0.704313 21 0.9326
0.703732 20 0.9328
0.703539 20 0.9329
0.703152 20 0.933
0.702959 20 0.9331
0.702379 20 0.9333
0.701218 20 0.9334
0.700445 20 0.9335
0.700058 20 0.9336
0.699671 20 0.9337
0.699478 20 0.9338
0.699284 19 0.9339
0.698704 19 0.934
0.698511 19 0.9341
0.698124 19 0.9343
0.697351 19 0.9344
0.697157 19 0.9345
0.696384 19 0.9346
0.695997 19 0.9347
0.695804 19 0.9348
0.69561 19 0.9349
0.69503 19 0.935
0.694837 19 0.9351
0.694256 19 0.9352
0.694063 19 0.9353
0.693676 19 0.9354
0.693096 19 0.9355
0.692709 19 0.9356
0.692323 19 0.9357
0.692129 19 0.9358
0.691356 19 0.9359
0.691162 19 0.936
0.690195 19 0.9361
0.689615 19 0.9362
0.689035 19 0.9363
0.688261 19 0.9364
0.687681 19 0.9365
0.687101 19 0.9366
0.686908 19 0.9367
0.686328 19 0.9368
0.685554 18 0.9369
0.684974 18 0.937
0.684781 18 0.9371
0.684587 18 0.9374
0.684007 17 0.9375
0.683427 17 0.9376
0.682653 17 0.9377
0.68246 17 0.9378
0.68188 17 0.938
0.6813 17 0.9381
0.680719 17 0.9382
0.680526 17 0.9383
0.679946 17 0.9384
0.678979 17 0.9385
0.678592 17 0.9386
0.677625 17 0.9387
0.677045 17 0.9388
0.676658 17 0.9389
0.675885 17 0.939
0.675305 17 0.9391
0.674531 17 0.9392
0.674338 17 0.9393
0.673951 17 0.9394
0.673564 17 0.9395
0.673371 17 0.9397
0.673177 17 0.9398
0.672791 17 0.9399
0.67221 17 0.94
0.671824 17 0.9401
0.671243 17 0.9402
0.67105 17 0.9403
0.670663 17 0.9404
0.670277 17 0.9405
0.670083 17 0.9406
0.66989 17 0.9408
0.66931 17 0.9409
0.668923 17 0.941
0.668149 17 0.9411
0.667763 17 0.9412
0.667376 17 0.9413
0.666796 17 0.9414
0.666409 17 0.9415
0.665442 17 0.9416
0.664862 17 0.9417
0.664088 17 0.9418
0.663121 17 0.9419
0.662928 17 0.942
0.662154 17 0.9421
0.661574 17 0.9422
0.661381 17 0.9423
0.660801 17 0.9424
0.659834 17 0.9425
0.658673 17 0.9426
0.658093 17 0.9427
0.65732 17 0.9428
0.65674 17 0.9429
0.655966 17 0.943
0.655579 17 0.9431
0.654419 17 0.9432
0.653259 17 0.9433
0.653065 17 0.9434
0.652292 17 0.9435
0.651711 17 0.9436
0.651131 17 0.9437
0.650358 17 0.9438
0.649584 17 0.9439
0.648811 17 0.944
0.648231 17 0.9441
0.64765 17 0.9442
0.647264 17 0.9443
0.646877 17 0.9444
0.64649 17 0.9445
0.646103 16 0.9446
0.64591 16 0.9447
0.645136 16 0.9448
0.644363 16 0.9449
0.643783 16 0.945
0.643009 16 0.9451
0.642429 16 0.9452
0.641849 16 0.9454
0.641269 16 0.9455
0.640495 16 0.9456
0.640108 16 0.9457
0.639141 16 0.9458
0.638368 16 0.9459
0.637788 16 0.946
0.637594 16 0.9461
0.637014 16 0.9462
0.636047 16 0.9463
0.635274 16 0.9464
0.634887 16 0.9465
0.634307 16 0.9466
0.633727 16 0.9467
0.633533 16 0.9468
0.63334 16 0.9469
0.633146 16 0.947
0.632953 16 0.9471
0.632179 16 0.9472
0.631793 16 0.9473
0.631406 16 0.9474
0.630826 16 0.9475
0.630632 16 0.9476
0.630052 16 0.9477
0.629665 16 0.9478
0.628892 16 0.9479
0.628699 16 0.948
0.628312 16 0.9481
0.627925 16 0.9482
0.627151 16 0.9483
0.626378 16 0.9484
0.625798 15 0.9485
0.625218 15 0.9486
0.624637 15 0.9487
0.623864 15 0.9488
0.623477 15 0.9489
0.623284 15 0.949
0.622317 15 0.9491
0.621737 15 0.9492
0.621156 15 0.9493
0.62077 15 0.9494
0.619996 15 0.9495
0.619996 14 0.9496
0.619609 14 0.9497
0.619223 14 0.9498
0.618642 14 0.9499
0.617675 14 0.95
0.616902 14 0.9501
0.615742 14 0.9503
0.615355 14 0.9504
0.615161 14 0.9505
0.614001 14 0.9507
0.613808 14 0.9508
0.613614 14 0.9509
0.612841 14 0.951
0.612454 13 0.9511
0.611681 13 0.9512
0.611487 13 0.9513
0.6111 13 0.9514
0.610714 13 0.9515
0.610133 13 0.9516
0.609553 13 0.9517
0.608586 13 0.9518
0.607813 13 0.9519
0.607233 13 0.952
0.606072 13 0.9521
0.605492 13 0.9522
0.603945 13 0.9523
0.603172 13 0.9524
0.602978 13 0.9525
0.602785 13 0.9526
0.601624 13 0.9527
0.601044 13 0.9528
0.600851 13 0.9529
0.600077 13 0.953
0.599691 13 0.9531
0.59853 13 0.9532
0.598143 12 0.9533
0.597177 12 0.9534
0.59679 12 0.9535
0.595823 12 0.9536
0.594856 12 0.9537
0.594469 12 0.9538
0.593696 12 0.9539
0.593309 12 0.954
0.593115 12 0.9541
0.591955 12 0.9542
0.591182 12 0.9543
0.590601 12 0.9544
0.589635 12 0.9545
0.588668 11 0.9546
0.588087 10 0.9547
0.587701 10 0.9548
0.586154 10 0.9549
0.585187 10 0.955
0.5848 10 0.9551
0.584606 10 0.9552
0.584026 10 0.9553
0.583446 10 0.9554
0.583059 10 0.9555
0.582092 10 0.9556
0.581319 10 0.9557
0.580159 10 0.9558
0.579772 10 0.9559
0.578611 10 0.956
0.577064 10 0.9561
0.576484 10 0.9562
0.575711 10 0.9563
0.574937 10 0.9564
0.574744 10 0.9565
0.574357 10 0.9566
0.573583 10 0.9567
0.573197 10 0.9568
0.572036 10 0.9569
0.570876 10 0.957
0.570102 10 0.9571
0.569329 10 0.9572
0.568749 10 0.9573
0.568169 10 0.9574
0.567588 10 0.9575
0.566428 10 0.9576
0.565461 10 0.9577
0.564688 10 0.9578
0.563141 10 0.9579
0.561787 10 0.958
0.561207 10 0.9581
0.560046 10 0.9582
0.55966 10 0.9583
0.559273 10 0.9584
0.558499 10 0.9585
0.557532 10 0.9586
0.556952 10 0.9587
0.556759 10 0.9588
0.556179 10 0.9589
0.555405 10 0.959
0.555018 10 0.9591
0.554051 10 0.9592
0.553665 10 0.9593
0.553278 10 0.9595
0.551731 10 0.9596
0.550957 10 0.9597
0.54941 10 0.9598
0.54883 10 0.9599
0.547863 10 0.9601
0.54709 10 0.9602
0.546509 10 0.9603
0.545736 10 0.9604
0.545349 10 0.9605
0.544576 10 0.9606
0.544382 10 0.9607
0.544189 10 0.9608
0.542448 10 0.9609
0.541868 10 0.961
0.540708 10 0.9611
0.539934 10 0.9612
0.539354 10 0.9613
0.538774 10 0.9614
0.537807 10 0.9615
0.53742 10 0.9616
0.537227 10 0.9617
0.53568 10 0.9618
0.534713 10 0.9619
0.534326 10 0.962
0.533166 10 0.9621
0.532586 10 0.9622
0.532005 10 0.9623
0.531425 10 0.9624
0.530458 10 0.9625
0.530072 10 0.9626
0.529685 10 0.9627
0.528524 10 0.9628
0.527171 10 0.9629
0.526977 10 0.963
0.526397 10 0.9631
0.52543 10 0.9632
0.52427 10 0.9633
0.522916 10 0.9634
0.522336 10 0.9635
0.520402 10 0.9636
0.518855 10 0.9637
0.518082 10 0.9638
0.517501 10 0.9639
0.516921 10 0.964
0.516148 10 0.9641
0.515374 10 0.9642
0.514407 10 0.9643
0.51402 10 0.9644
0.513634 10 0.9645
0.512667 10 0.9646
0.510926 10 0.9647
0.509766 10 0.9648
0.509186 10 0.9649
0.508026 10 0.965
0.506478 10 0.9651
0.505898 10 0.9652
0.505318 10 0.9653
0.504738 10 0.9654
0.503771 10 0.9655
0.502224 10 0.9656
0.50087 10 0.9657
0.500483 10 0.9658
0.499323 10 0.9659
0.497969 10 0.966
0.497776 10 0.9661
0.497196 10 0.9662
0.496036 10 0.9663
0.494682 9 0.9664
0.494102 9 0.9665
0.492555 9 0.9666
0.491781 9 0.9667
0.490814 9 0.9668
0.489847 9 0.9669
0.489074 9 0.967
0.488107 9 0.9671
0.486753 9 0.9672
0.486173 9 0.9673
0.483852 9 0.9674
0.482499 9 0.9675
0.481532 9 0.9676
0.481338 9 0.9677
0.480951 9 0.9678
0.479791 9 0.9679
0.479211 9 0.968
0.478051 9 0.9681
0.477084 9 0.9682
0.476117 9 0.9683
0.47573 9 0.9684
0.47515 9 0.9685
0.474376 9 0.9686
0.47399 9 0.9687
0.473796 9 0.9688
0.473603 9 0.9689
0.473023 9 0.969
0.472636 9 0.9691
0.471862 9 0.9692
0.471282 9 0.9693
0.470702 9 0.9694
0.470122 9 0.9695
0.469155 9 0.9696
0.467414 8 0.9697
0.466834 8 0.9698
0.465094 8 0.9699
0.46374 8 0.97
0.463547 8 0.9701
0.462773 8 0.9702
0.462386 8 0.9703
0.461613 8 0.9704
0.460839 8 0.9705
0.459872 8 0.9706
0.458905 8 0.9707
0.458325 8 0.9708
0.457358 8 0.9709
0.456972 8 0.971
0.455811 8 0.9711
0.454844 8 0.9712
0.454458 8 0.9713
0.453491 8 0.9714
0.453104 8 0.9715
0.45175 8 0.9716
0.450783 8 0.9717
0.44943 8 0.9718
0.449043 8 0.9719
0.448656 8 0.972
0.448463 8 0.9721
0.447689 8 0.9722
0.447302 8 0.9723
0.446142 8 0.9724
0.445755 8 0.9725
0.444595 8 0.9726
0.444208 8 0.9727
0.443241 8 0.9728
0.442468 8 0.9729
0.441887 8 0.973
0.441114 8 0.9731
0.43976 8 0.9732
0.438987 8 0.9733
0.437826 8 0.9734
0.437633 8 0.9735
0.43744 8 0.9736
0.437053 8 0.9737
0.436473 8 0.9738
0.435699 8 0.9739
0.434732 8 0.974
0.433572 8 0.9741
0.432992 8 0.9742
0.432605 8 0.9743
0.431445 8 0.9744
0.430864 8 0.9745
0.429511 8 0.9746
0.428737 8 0.9747
0.427577 8 0.9748
0.426803 8 0.9749
0.425836 8 0.975
0.424676 8 0.9751
0.424096 8 0.9752
0.423516 8 0.9753
0.422936 8 0.9754
0.422549 8 0.9755
0.421969 8 0.9756
0.420808 8 0.9757
0.420035 8 0.9758
0.419068 8 0.9759
0.418294 8 0.976
0.418101 8 0.9761
0.417327 8 0.9762
0.416554 8 0.9763
0.4152 8 0.9764
0.414813 8 0.9765
0.414427 8 0.9766
0.413653 8 0.9767
0.413073 8 0.9769
0.412299 8 0.977
0.411719 7 0.9771
0.411526 7 0.9772
0.410365 7 0.9773
0.409785 7 0.9774
0.409012 7 0.9775
0.408625 7 0.9776
0.408238 7 0.9777
0.407271 7 0.9778
0.406885 7 0.9779
0.406498 7 0.978
0.405918 7 0.9781
0.404951 7 0.9782
0.403984 7 0.9783
0.40321 7 0.9784
0.401663 7 0.9785
0.401083 7 0.9786
0.400116 7 0.9787
0.398569 7 0.9788
0.397409 7 0.9789
0.396635 7 0.979
0.396442 7 0.9791
0.396248 7 0.9792
0.395668 7 0.9793
0.394895 7 0.9794
0.394121 7 0.9795
0.392961 7 0.9796
0.392381 7 0.9797
0.3918 7 0.9798
0.39122 7 0.9799
0.390253 7 0.98
0.389286 7 0.9801
0.388706 7 0.9802
0.387739 7 0.9803
0.387159 7 0.9804
0.386579 7 0.9805
0.385225 7 0.9806
0.384839 7 0.9807
0.384065 7 0.9809
0.383678 7 0.981
0.383291 7 0.9811
0.382518 7 0.9812
0.381938 7 0.9813
0.380971 7 0.9814
0.380391 7 0.9815
0.380004 7 0.9816
0.37981 7 0.9817
0.379037 7 0.9818
0.37865 7 0.9819
0.37807 7 0.982
0.37749 7 0.9821
0.377103 7 0.9822
0.376136 7 0.9823
0.375749 7 0.9824
0.374976 7 0.9825
0.374202 7 0.9826
0.373042 7 0.9827
0.371301 7 0.9828
0.370721 7 0.9829
0.369948 7 0.983
0.369368 7 0.9831
0.368401 7 0.9832
0.367627 6 0.9833
0.36666 6 0.9834
0.366273 6 0.9835
0.3655 6 0.9836
0.36492 6 0.9837
0.36434 6 0.9838
0.362986 6 0.9839
0.361439 5 0.984
0.360859 5 0.9841
0.359118 5 0.9842
0.357764 5 0.9843
0.356798 5 0.9844
0.356024 5 0.9845
0.35525 5 0.9846
0.354864 5 0.9847
0.353897 5 0.9848
0.35293 5 0.9849
0.351383 5 0.985
0.350029 5 0.9851
0.349449 5 0.9852
0.349062 5 0.9853
0.348482 5 0.9854
0.347708 5 0.9855
0.347322 5 0.9856
0.346161 5 0.9857
0.345001 5 0.9858
0.343647 5 0.9859
0.34152 5 0.986
0.340553 5 0.9861
0.339586 5 0.9862
0.338039 5 0.9863
0.337072 5 0.9864
0.336299 5 0.9865
0.334945 5 0.9866
0.333978 5 0.9867
0.333398 5 0.9868
0.332431 5 0.9869
0.331657 5 0.987
0.330304 5 0.9871
0.329143 5 0.9872
0.328176 5 0.9873
0.327016 5 0.9874
0.325662 5 0.9875
0.324889 5 0.9876
0.323922 5 0.9877
0.323342 4 0.9878
0.321988 4 0.9879
0.321408 4 0.988
0.320054 4 0.9881
0.318507 4 0.9882
0.317153 4 0.9883
0.316186 4 0.9884
0.314253 4 0.9885
0.312125 4 0.9886
0.310191 4 0.9887
0.308644 3 0.9888
0.307484 3 0.9889
0.306517 3 0.989
0.305163 3 0.9891
0.30381 3 0.9892
0.302649 3 0.9893
0.300909 3 0.9894
0.299942 3 0.9895
0.298395 3 0.9896
0.296654 3 0.9897
0.294527 3 0.9898
0.293173 3 0.9899
0.291626 3 0.99
0.290079 3 0.9901
0.289112 3 0.9902
0.286792 3 0.9903
0.285051 3 0.9904
0.283504 3 0.9905
0.28157 3 0.9906
0.27983 3 0.9907
0.278283 3 0.9908
0.275962 3 0.9909
0.273835 3 0.991
0.272288 3 0.9911
0.269967 3 0.9912
0.26726 3 0.9913
0.265519 3 0.9914
0.262812 3 0.9915
0.261265 3 0.9916
0.259137 3 0.9917
0.256817 3 0.9918
0.254109 3 0.9919
0.251789 3 0.992
0.249468 3 0.9921
0.247534 3 0.9922
0.24502 3 0.9923
0.244053 3 0.9924
0.241153 3 0.9925
0.238639 3 0.9926
0.236705 3 0.9927
0.234191 3 0.9928
0.232837 3 0.9929
0.23129 3 0.993
0.228389 3 0.9931
0.224715 3 0.9932
0.221621 3 0.9933
0.219687 3 0.9934
0.216012 3 0.9935
0.213112 3 0.9936
0.210791 3 0.9937
0.207503 3 0.9938
0.203636 2 0.9939
0.200541 2 0.994
0.197641 2 0.9941
0.19474 2 0.9942
0.191646 1 0.9943
0.189518 0 0.9944
0.186038 0 0.9945
0.182363 0 0.9946
0.179462 0 0.9947
0.175015 0 0.9948
0.170567 0 0.9949
0.166119 0 0.995
0.164572 0 0.9951
0.160704 0 0.9952
0.15703 0 0.9953
0.151615 0 0.9954
0.1462 0 0.9955
0.141945 0 0.9956
0.137691 0 0.9957
0.133436 0 0.9958
0.128022 0 0.9959
0.122994 0 0.996
0.119319 0 0.9961
0.114485 0 0.9962
0.108876 0 0.9963
0.105976 0 0.9964
0.102301 0 0.9965
0.0982402 0 0.9966
0.0934055 0 0.9967
0.0879907 0 0.9968
0.0835428 0 0.9969
0.079095 0 0.997
0.0732934 0 0.9971
0.0680719 0 0.9972
0.0622704 0 0.9973
0.0580159 0 0.9974
0.0537614 0 0.9975
0.0493135 0 0.9976
0.0431251 0 0.9977
0.0386772 0 0.9978
0.0350029 0 0.9979
0.0313286 0 0.998
0.0268807 0 0.9981
0.0241733 0 0.9982
0.0201122 0 0.9983
0.0162444 0 0.9984
0.0129569 0 0.9985
0.0106362 0 0.9986
0.00870238 0 0.9987
0.00618836 0 0.9988
0.00522143 0 0.9989
0.00386772 0 0.999
0.00328757 0 0.9991
0.00251402 0 0.9992
0.000966931 0 0.9993
0.000773545 0 0.9995
0.000580159 0 0.9997
0.000386772 0 0.9998
